14752981765
31647264567
31653224315
31683701403
3197010238005
3197010238006
3197010238007
3197010238008
32460225237
32460225254
32460227062
32460227340
32460244079
32460246025
32460260866
33644635790
33644637852
33644638059
33644638318
33644638672
33644639628
33752124546
33752124616
33752124674
33752126047
33752318398
33756753800
33756753801
33756753802
33756753803
33756753804
33756753805
33756753806
33756753807
33756753808
33756753809
33756753837
33756753838
33756753839
33756753840
33756753841
33757920555
33757921414
33757921456
33758072609
33758127798
33758300744
34911067207
351927945259
351927946206
351927946207
393399957698
436703091189
447309917830
447404993548
447418310635
447418600420
447418600646
447424153638
447424297495
447440717995
447440725651
447441448609
447448670018
447451271815
447451275425
447451275968
447451277420
447451277613
447451277972
447451279340
447458196160
447458196161
447458196162
447458196163
447458196164
447458196400
447458196401
447458196402
447458196403
447458196404
447459005206
447503402850
447503402851
447503402858
447510080109
447510080125
447510080141
447510080146
447520615376
447523695479
447523695481
447529952796
447533398730
447533403149
447537120834
447537150975
447537150994
447537174127
447537177369
447562459431
447562459437
447562459439
447709153748
447709153841
447709153845
447709153846
447709153849
447716885592
447716885597
447716885600
447716885603
447716885606
447716885607
447845441689
447859202447
447862072773
447862072780
447862072797
447862072840
447862073236
447862073598
447862073603
447862073638
447862073658
447868753228
447868769922
46739482723
46739483011
46764316902
46765195442
46765195442
48722717428
48727842536
48732054135
48732054143
48732121332
4915207829731
4915207829823
4915207831169
4915227654357
4915227654381